240300000000520407000046008610700084009060500730005061100470000302051000000002019
002507310080000060000003208004302081801090703730804500409200000060000050013906800
012800060900326741000070200070080000503102804000030010009050000154297003030008490
060007000508006027207800030192000300085000960006000278020004506470600102000100040
250700006000065201630100540109500600500000003006009708063001087902870000700006012
501037090090000006008409001050600087206090503980001040600803400800000060070920108
030190000400563001002004093305470000708000905000058402970800300500237009000016050
004300890020000017010427003007050030401000605080040700800569070560000040072004900
045000600910605007067180000700000450000573000081000009000048720800301064002000190
600850300008007900040910085030009008520030067700600030860042090005300200002096003
045803190070609020000070000300906702009030800406702009000040000080107030097308510
000065030570091060020340008600000900019628470008000006700082050030750049060910000
010006900900130028800520106025370000000000000000052710703065001190047005008900040
600000020590120468004800000980002350010609080045300076000003700462071035030000009
006300080000490316301800740003000004687000295400000600058003901139028000060007800
004900017670800000509030004300740100068000790001068005100090306000006081240001500
007062001000000905028410030830004579000000000972300014050047260703000000200650100
000106000109348020076000800502069103900000002807230904001000290090783406000901000
200300001081002060639004000805070004002010500700040806000500628090800140500001003
068900305010060004402073000270100000009406200000007063000310908300020070104008630
018900206050010004407032000730500000009401700000003012000250908200070030504008120
201005360800060040000170908000004079009608500160700000305041000070090001016300804
013025090000096300009000002036004078980702031120600450300000700005240000060370920