000006009090300108076000402000800005000502000900003000409000830605004090700100000
400003106006150007000000000020308591009000300315209060000000000500036700904500008
200006050300090002001000000560200400000603000007005028000000800700010003040800009
040500000500010080001800400087000300010203060004000750002007600050060001000002030
501300002600041500000000000174903080003000700050708413000000000006530004900004207
900002105005140006000000000030208471007000200214307050000000000400025600709400008
400070003032160000000050080009000000207090301000000200070020000000013840900080005
010000080800035040004720000209500000000040000000006305000054700090380001050000060
006000470200700080000620900000409208000000000908203000003052000060001003049000100
206401030013000007000003000005090000308000105000060200000800000900000510070609302
000302090001000020203000058000500400010000080007009000480000705050000900070601000
000000001793001002120009000004092000070000060000810400000500043800100576300000000
081260500000900008000700200200000030040000080050000007004008000600009000009014360
800093600930020000006100000009000082020000010740000900000001400000080061007340008
008070100000000020500400800090008504000104000803500060007003009030000000001020600