170000006006090040300070000000900030094020870030005000000060001080010500500000082
002090600609000000480006000008402090300000007070309100000600051000000204007080300
490003800605020000000007600500800000083601790000009008002900000000080305004300089
100852000620700000003000200016020000800000001000080740001000600000009028000648005
000001650000527900500000003000050096009000700140070000600000009002746000057800000
400008000002050030500260000804000020021080640060000807000093006080040900000500002
060200003000008200370100080006000720400000008093000600010002045008300000900006010
003900100007003500000025070000000040070348020010000000040730000001800600005006300
403009000050030400006020030700080100030705060005010007020090600001070040000500809
000060830000500004503200060040020000200931006000080010050002407800009000012070000
005908070700050000400006200903000020020090040010000509002700008000030006090601700
200040083000005060001098000130000800060030040009000057000680700020900000810070009
000400098600000070300080600501040000030795080000010205007050002050000009240006000
407080000000900810010064700000008203040000070602300000005710060086005000000030109
000000000420000035000071600040080502002010700806020090001360000350000026000000000
306000000000005003002004608540600000008090700000002036104200900800700000000000807
801000000000008001007005903260500000008070100000002094102900500600400000000000206
700300150000200000604050200000600480000090000032004000006080905000007000075006008