003010008000400030870003020010009605300867002906500040020900074090006000500070100
020004000003000204140080503030802000200000006000409050402070081807000600000600070
800300600503890400060070030008740000010000070000039100050080090004062801009003006
050061400060000802000087006134000000200000004000000731800420000501000040009810060
080010570000300080100058023200040005010509060600070008530280004020004000041090030
206070003050000000900023000003010700581030426002080500000850007000000010100040905
003060904000000070000390100600080003294030758700050009006075000080000000107020800
000500300020040010600100072000305604800020001403801000260009003070050060001007000
000000620106230040900600001200400803090000010708009004600005008020048905045000000
400300000018509020090400803000700206072000540609008000904007080020806170000005002
005300407003002000100040080320100700600924005008003021060080009000700600904006500
070050290050000600306801000809000710600000004037000806000503109003000040061090070
000600000720010008590870000005000040130486059040000200000064032200050016000009000
000160400300000007006000200008570004609324108700019300003000600800000009005092000
000030100030608905000071002020580400040703020006049030800160000103802060004090000
700000900000980030043056700500100870600000001071005003002530680010024000006000002
003051080084200500000070400008007002070000030500100700001060000007003860040820900
010830200800960000530000900000000473600000009394000000002000086000087002005023090
900000000037000040000142090002400009800050003600001400070298000080000750000000002
400081000060000130050300000007200400001060300004003200000004050075000080000970001
300000000061000080000287030007800003900040006500002800010739000090000140000000007